BHA:

6 1/8"  MDI 613 LWEBPX	0,24	0,791730436
PD 475 X6 AA 6" Slick CC (Float valve ported)	4,06	6,713671415
Saver Sub X-over	0,39	1,551791655
E-Mag Receiver with 6" Stabilizer	1,50	2,565206613
E-Mag Crossover	0,72	1,551791655
IMPulse 	9,85	2,565206613
ILS	0,45	3,166921744
VPWD	4,58	2,565206613
ADN-4 with 5 7/8" Stabilizer	7,07	2,565206613
ADN upper NM Pony Sub	0,46	3,166921744
5" By-Pass Ball Catcher Sub	1,80	0,889588318
5" Well Commander	1,80	1,371163106
5 7/8" NM String Stabilizer	1,73	2,565206613
1 x 4 3/4" CSNMDC	9,48	2,565206613
Crossover	0,81	2,565206613
3 x 4" HWDP (3 joints)	29,30	3,327247158
4 3/4" Hydraulic Jar w/XT39 connections	9,21	2,565206613
5 x 4" HWDP (5 joints)	48,81	3,327247158
4 3/4" Accelerator w/XT39 connections	9,57	2,565206613
2 x 4" HWDP (2 joints)	19,52	3,327247158
4" Drill Pipes (78 Stands)	2233,41	5,652625954
Crossover	0,81	2,565206613
5-7/8 " Drill Pipe to surface	1092	13,45481094


Dir survey:

0,00	0,00
17,83	17,83
20,00	20,00
25,00	25,00
30,00	30,00
35,00	35,00
40,00	40,00
45,00	45,00
50,00	50,00
55,00	55,00
60,00	60,00
65,00	65,00
70,00	70,00
75,00	75,00
80,00	80,00
85,00	85,00
90,00	90,00
95,00	95,00
100,00	100,00
105,00	105,00
110,00	110,00
120,00	120,00
124,00	124,00
130,00	129,99
140,00	139,99
150,00	149,97
160,00	159,95
170,00	169,93
180,00	179,91
190,00	189,89
200,00	199,86
210,00	209,81
220,00	219,76
230,00	229,69
240,00	239,61
250,00	249,53
260,00	259,43
270,00	269,31
280,00	279,17
290,00	289,02
300,00	298,85
310,00	308,67
320,00	318,47
330,00	328,26
340,00	338,04
350,00	347,82
360,00	357,58
370,00	367,33
380,00	377,06
390,00	386,76
400,00	396,45
410,00	406,10
420,00	415,72
430,00	425,30
440,00	434,84
450,00	444,34
460,00	453,82
470,00	463,26
480,00	472,68
490,00	482,08
500,00	491,47
510,00	500,84
520,00	510,20
530,00	519,54
540,00	528,84
550,00	538,08
558,50	545,88
565,43	552,23
566,00	552,75
594,17	578,55
622,67	604,77
651,44	631,38
680,24	658,08
708,95	684,74
737,81	711,59
766,53	738,31
795,27	765,03
823,99	791,68
852,79	818,38
881,55	845,05
910,27	871,74
939,03	898,50
967,80	925,29
996,52	952,02
1.025,36	978,84
1.054,02	1.005,49
1.082,72	1.032,18
1.099,29	1.047,60
1.107,00	1.054,78
1.107,72	1.055,45
1.136,50	1.082,20
1.165,24	1.108,94
1.193,96	1.135,68
1.222,50	1.162,25
1.251,38	1.189,19
1.280,17	1.216,09
1.308,91	1.242,95
1.337,63	1.269,79
1.366,57	1.296,84
1.395,11	1.323,52
1.423,66	1.350,21
1.452,27	1.376,95
1.480,91	1.403,70
1.509,67	1.430,52
1.538,28	1.457,17
1.566,57	1.483,53
1.595,23	1.510,24
1.602,27	1.516,80
1.610,00	1.524,00
1.623,46	1.536,56
1.652,27	1.563,45
1.660,00	1.570,66
1.670,00	1.579,99
1.680,00	1.589,31
1.683,71	1.592,77
1.690,00	1.598,64
1.700,00	1.607,96
1.710,00	1.617,28
1.720,00	1.626,60
1.730,00	1.635,92
1.740,00	1.645,24
1.750,00	1.654,57
1.760,00	1.663,89
1.770,00	1.673,21
1.780,00	1.682,53
1.790,00	1.691,85
1.800,00	1.701,17
1.810,00	1.710,50
1.820,00	1.719,82
1.830,00	1.729,14
1.840,00	1.738,46
1.850,00	1.747,78
1.860,00	1.757,10
1.870,00	1.766,43
1.872,33	1.768,60
1.880,00	1.775,74
1.890,00	1.785,04
1.900,00	1.794,31
1.910,00	1.803,56
1.920,00	1.812,79
1.930,00	1.822,00
1.940,00	1.831,18
1.950,00	1.840,35
1.960,00	1.849,49
1.970,00	1.858,60
1.980,00	1.867,69
1.986,54	1.873,62
1.990,00	1.876,76
2.000,00	1.885,82
2.010,00	1.894,89
2.020,00	1.903,95
2.030,00	1.913,01
2.040,00	1.922,07
2.045,00	1.926,61
2.046,54	1.928,00
2.050,00	1.931,14
2.060,00	1.940,20
2.070,00	1.949,26
2.080,00	1.958,33
2.090,00	1.967,39
2.100,00	1.976,45
2.110,00	1.985,52
2.120,00	1.994,58
2.121,54	1.995,97
2.130,00	2.003,61
2.140,00	2.012,57
2.150,00	2.021,44
2.160,00	2.030,23
2.170,00	2.038,92
2.180,00	2.047,53
2.190,00	2.056,04
2.200,00	2.064,45
2.210,00	2.072,76
2.220,00	2.080,97
2.230,00	2.089,07
2.240,00	2.097,06
2.250,00	2.104,94
2.260,00	2.112,70
2.270,00	2.120,35
2.280,00	2.127,88
2.290,00	2.135,28
2.300,00	2.142,56
2.310,00	2.149,72
2.320,00	2.156,74
2.330,00	2.163,63
2.340,00	2.170,39
2.350,00	2.177,01
2.360,00	2.183,49
2.370,00	2.189,83
2.380,00	2.196,03
2.390,00	2.202,08
2.400,00	2.207,99
2.410,00	2.213,74
2.420,00	2.219,35
2.430,00	2.224,80
2.440,00	2.230,10
2.450,00	2.235,23
2.460,00	2.240,22
2.470,00	2.245,04
2.480,00	2.249,69
2.490,00	2.254,19
2.500,00	2.258,52
2.510,00	2.262,68
2.520,00	2.266,68
2.530,00	2.270,50
2.540,00	2.274,16
2.550,00	2.277,64
2.560,00	2.280,95
2.570,00	2.284,09
2.580,00	2.287,05
2.590,00	2.289,84
2.600,00	2.292,45
2.610,00	2.294,88
2.620,00	2.297,13
2.630,00	2.299,20
2.640,00	2.301,10
2.650,00	2.302,81
2.660,00	2.304,34
2.670,00	2.305,69
2.680,00	2.306,85
2.690,00	2.307,83
2.700,00	2.308,63
2.705,56	2.309,00
2.710,00	2.309,25
2.720,00	2.309,68
2.730,00	2.309,93
2.738,55	2.310,00
2.740,00	2.310,00
2.750,00	2.310,00
2.760,00	2.310,00
2.770,00	2.310,00
2.780,00	2.310,00
2.790,00	2.310,00
2.800,00	2.310,00
2.810,00	2.310,00
2.820,00	2.310,00
2.830,00	2.310,00
2.840,00	2.310,00
2.850,00	2.310,00
2.860,00	2.310,00
2.870,00	2.310,00
2.880,00	2.310,00
2.890,00	2.310,00
2.900,00	2.310,00
2.910,00	2.310,00
2.920,00	2.310,00
2.930,00	2.310,00
2.940,00	2.310,00
2.950,00	2.310,00
2.960,00	2.310,00
2.970,00	2.310,00
2.980,00	2.310,00
2.990,00	2.310,00
3.000,00	2.310,00
3.010,00	2.310,00
3.020,00	2.310,00
3.030,00	2.310,00
3.040,00	2.310,00
3.050,00	2.310,00
3.060,00	2.310,00
3.070,00	2.310,00
3.080,00	2.310,00
3.090,00	2.310,00
3.100,00	2.310,00
3.110,00	2.310,00
3.120,00	2.310,00
3.130,00	2.310,00
3.140,00	2.310,00
3.150,00	2.310,00
3.160,00	2.310,00
3.170,00	2.310,00
3.180,00	2.310,00
3.190,00	2.310,00
3.200,00	2.310,00
3.210,00	2.310,00
3.220,00	2.310,00
3.230,00	2.310,00
3.240,00	2.310,00
3.250,00	2.310,00
3.260,00	2.310,00
3.270,00	2.310,00
3.280,00	2.310,00
3.290,00	2.310,00
3.300,00	2.310,00
3.310,00	2.310,00
3.320,00	2.310,00
3.330,00	2.310,00
3.340,00	2.310,00
3.350,00	2.310,00
3.360,00	2.310,00
3.370,00	2.310,00
3.380,00	2.310,00
3.390,00	2.310,00
3.400,00	2.310,00
3.410,00	2.310,00
3.420,00	2.310,00
3.430,00	2.310,00
3.440,00	2.310,00
3.450,00	2.310,00
3.460,00	2.310,00
3.470,00	2.310,00
3.480,00	2.310,00
3.490,00	2.310,00
3.500,00	2.310,00
3.510,00	2.310,00
3.520,00	2.310,00
3.530,00	2.310,00
3.537,00	2.310,00
3.540,00	2.310,00
3.550,00	2.310,00
3.560,00	2.310,00
3.562,00	2.310,00
3.570,00	2.310,00
3.580,00	2.310,00
3.590,00	2.310,00
3.600,00	2.310,00
3.610,00	2.310,00
3.620,00	2.310,00
3.630,00	2.310,00
3.640,00	2.310,00
3.650,00	2.310,00
3.660,00	2.310,00
3.670,00	2.310,00
3.680,00	2.310,00
3.690,00	2.310,00
3.700,00	2.310,00
3.710,00	2.310,00
3.720,00	2.310,00
3.730,00	2.310,00
3.735,00	2.310,00
3.740,00	2.310,00
3.750,00	2.310,00
3.760,00	2.310,00
3.770,00	2.310,00
3.780,00	2.310,00
3.790,00	2.310,00
3.800,00	2.310,00
3.810,00	2.310,00
3.900,00	2.310,00